0, 0
19, 0
1,0
1,1
1,2
1,3
1,4
1,5
1,6
1,7
1,8
1,9
1,10
1,11
1,12
1,13
1,14
1,15
1,16
1,17
1,18
3,1
3,2
3,3
3,4
3,5
3,6
3,7
3,8
3,9
3,10
3,11
3,13
3,14
3,15
3,16
3,17
3,18
3,19
5,0
5,1
5,2
5,3
5,4
5,5
5,6
5,7
5,8
5,9
5,10
5,11
5,12
5,13
5,14
5,15
5,16
5,17
5,18
7,1
7,2
7,3
7,4
7,5
7,6
7,7
7,8
7,9
7,10
7,11
7,12
7,13
7,14
7,15
7,16
7,17
7,18
7,19
9,0
9,1
9,2
9,5
9,6
9,7
9,8
9,9
9,10
9,11
9,12
9,13
9,14
9,15
9,16
9,17
9,18
11,1
11,2
11,3
11,4
11,11
11,12
11,18
11,19
13,0
13,1
13,2
13,3
13,4
13,5
13,6
13,7
13,8
13,9
13,10
13,11
13,15
15,1
15,2
15,3
15,4
15,5
15,6
15,7
15,8
15,9
15,10
15,11
15,12
15,13
15,18
15,19
17,0
17,1
17,2
17,3
17,4
17,5
17,6
17,7
17,8
17,9
17,10
17,11
17,12
17,13
17,14
17,15
17,16
17,17
17,18
18,17
18,13
18,9
18,5
18,1
19,19
19,15
19,11
19,7
19,3